238042963.352004
237618644.344246
237195835.368545
238560158.305987
238137179.301899
239361558.498643
238938658.218610
238517249.650323
239557501.782185
239136486.840564
238716949.144353
239223202.413457
238804980.031616
238563664.123908
238148047.984319
237733877.466085
235401282.862735
234993308.369039
234586745.551791
230101314.772774
229704588.367993
223123372.216401
222739998.724621
222357940.407769
214704188.339171
214337172.632608
213971409.539379
206028536.273582
205678147.606450
205328948.714079
197611502.644109
197277134.619331
190193717.406517
189872986.011228
189553334.519627
183109971.809234
182802740.312909
182496538.067829
176685692.517612
176390724.750471
176096740.209220
170869185.791253
170585349.934457
170302455.490121
165568174.418991
165294508.014992
165021744.800446
160857824.832901
160593256.042057
160329556.114238
156482215.060118
156226106.688498
155970835.272340
152518429.642467
152270028.291258
152022434.749321
148919651.761075
148678290.899225
148437711.140489
145639972.192912
145405069.011956
145170922.362983
142593961.087053
142365078.324474
142136929.160492
139818466.003606
139595113.821492
139372474.086529
137229569.543432
137011398.526670
136793920.116310
136577131.019454
134651047.152595
134438328.278737
134226280.442335
132431735.671325
132223509.671842
132015937.443158
130390867.503225
130186812.937493
129983396.042278
128408311.269973
128208298.324069
128008907.502415
127810135.906914
126326119.478302
126130568.209760
125935621.427365
124538938.403418
124347044.815739
124155741.669869
122845441.766178
122657028.511935
122469192.327384
122281930.565416
121020863.870806
120836380.846612
120652459.414578
119476009.974819
119294711.021898
119113961.459744
118933758.794903
117804978.901379
117627294.166988
117450144.627580
116366481.568758
116191757.121958
116017556.586542
115843877.609616
114881797.724097
114710332.354359
114539378.058749
114368932.555686
113489451.105609
113321069.130675
113153186.065296
112316584.692246
112150681.317516
111985267.333272
111820340.577258
111138460.109935
110975261.196411
110812540.872076
110650297.034782
110047602.309958
109886948.875929
109726763.819259
109274378.530104
109115549.491543
108957181.495184
108799272.536495
108496334.421515
108339547.811079
108183213.687254
108027330.094044
107908057.304310
107753016.992091
107598421.558817
107444269.092400
107470334.095335
107316805.046627
107163714.026589
107011059.163304
107216345.583110
107064049.637679
106912185.737484
106760752.046638
107142973.215498
106991641.332425
106840736.337598
106690256.427263
106964381.094377
106814150.222053
106664340.754701
106514950.921711
106260526.901281
106112118.344156
105964123.757902
105816541.412835
104236209.101583
104091436.588942
103947065.664408
103803094.659333
100148585.726055
100010258.950190
99872313.7654311
99734748.5949553
99597561.8706156
93384704.7028614
93256604.9707588
93128856.1968262
93001456.9407430
84325153.6307818
84210112.4934956
84095384.8197987
83980969.3302480
74066461.5830028
73965964.3488332
73865739.4648917
73765785.8255617
73666102.3312028
63425406.3396806
63339927.3553953
63254678.4625886
63169658.7334722
53200446.8693810
53129132.5974381
53058009.2606276
52987076.0931669
52916332.3333629
44267134.8841826
44208190.6300092
44149403.1424693
44090771.7969946
36999128.3340549
36950122.8660627
36901247.0421658
36852500.3485830
36803882.2742445
31291752.9132264
31250579.5541300
31209514.4035990
31168557.0356153
31127707.0263943
26810450.3945098
26775404.0541248
26740449.2185450
26705585.5298637
23365595.3610741
23335210.9717879
23304905.5029934
23274678.6476069
23244530.1001359
20483346.6676488
20456882.3954684
20430486.4181839
20404158.4717688
20377898.2935554
18122709.2921735
18099445.2237625
18076240.8068090
18053095.8121780
18030010.0119066
16209494.6622002
16188819.2863556
16168196.5866277
16147626.3619628
16127108.4123288
14543819.7973294
14525386.5656471
14507000.0003741
14488659.9245203
14470366.1619894
13184388.8412949
13167783.8175653
13151220.5674803
13134698.9336015
13118218.7592808
12188434.6560326
12173180.0444481
12157963.5693925
12127644.4582469
11097168.0798445
11069631.6826241
10233504.7824856
10208236.8694424
10183093.4288773
9664063.88770128
9640377.45660397
9616806.85157560
8919058.16775248
8897357.29629810
8204741.97879276
8184875.77545428
8165105.54411260
7721504.83532913
7702943.52562882
7684471.23899662
7335393.37297521
7317886.46755045
7300462.92834200
6805540.38022302
6789413.50728410
6773362.88433544
6253547.64063629
6238833.41089361
6224188.26204175
5974176.19371174
5960217.83811895
5946324.55644502
5669478.83531553
5656324.59207814
5643231.24811500
5369003.61121581
5356632.63515310
5344318.53714126
5332060.92581754
5319859.41340148
5307713.61565399
4866248.30168806
4855188.64645695
4844179.14839243
4634204.54782929
4623743.58948204
4613329.75256880
4207616.22817869
4198182.11107515
4188790.20478639
4179440.22665071
4170131.89652454
4160864.93675448
3705825.48050947
3697626.75157029
3689464.22010987
3681337.64693782
3618010.00105726
3610075.76859880
3602176.25925832
3566873.75516745
3559102.78838059
3551365.60840585
3570920.93379838
3563191.66770790
3555495.78937592
3547833.08293330
3621276.69317017
3613505.71314191
3605768.01354203
3222146.31137415
3215276.06337548
3208435.05047468
3201623.08646094
3194839.98670148
3188085.56812495
3181359.64920485
3174662.04994337
2375994.44389144
2371013.32346399
2366053.04454461
2466051.85333980
2460914.24531200
2455797.99947976
2450702.98288332
2159438.42855447
2154976.77890870
2150533.52781817
2146108.56171155
2038487.22491658
2034309.99699667
2030149.85385353
2026006.69088648
1970693.55866732
1966688.08395459
1962698.85863216
1856973.79523931
1853222.33302671
1849485.99767786
1845764.69788374
1842058.34306871
1838366.84338321
1834690.10969644
1831028.05358926
1652152.31184802
1648867.71480657
1645596.15188037
1642337.54563902
1639091.81926424
1784573.34168414
1781060.40203516
1777561.26568538
1774075.85143894
1475503.39894628
1472621.55637022
1469750.94904786
1466891.51140379
1464043.17837194
1461205.88539060
1458379.56839758
1455564.16382539
1355908.96802334
1353301.45077714
1350703.94319408
1348116.38774734
1345538.72735012
1271026.03542182
1268605.03344959
1266193.23680805
1263790.59309495
1023397.60685122
1021463.01780235
1019535.72908952
1017615.69946788
1015702.88800271
1060950.61472076
1058963.81581678
1056984.44419844
1055012.45829508
1123251.00463546
1121163.17748929
1119083.09738263
1117010.72127637
1114946.00644961
1020148.16795536
1018269.44204752
1016397.62322023
1014532.67345285
1012674.55500330
1010823.23040549
1008978.66246679
1007140.81426558
1005309.64914873
1003485.13072923
728485.253006329
727167.919818252
725855.342345656
724547.494881970
723244.351905564
857310.742092726
855774.342913349
854243.440689890
852718.005974372
851198.009528785
715522.881956394
714251.970976010
712985.566772152
711723.645415033
710466.183143982
753538.978638822
752212.325507415
750890.335480161
749572.984014407
748260.246739425
659075.381871985
657925.163055454
656778.951969992
655636.727705696
654498.469497873
588027.741053202
587010.392020238
585996.557146283
584986.218254651
583979.357293800
582975.956336250
646639.997308362
645532.737038999
644429.262274829
643329.553636135
642233.591875256
641141.357875468
640052.832649873
638967.997340297
637886.833216202
636809.321673607
635735.444234022
571198.664289053
570238.666533946
569281.890247815
568328.319242375
567377.937437621
524472.897093455
523598.775598299
522727.562993310
521859.244782358
520993.806565472
520131.234038045
519271.512990048
518414.629305246
517560.568960427
516709.318024637
515860.862658423
515015.189113081
493605.392380720
492798.847621928
491994.934330539
491193.639649218
490394.950804260
489598.855104903
448071.561614103
447346.526724760
446623.834436029
445903.473412745
445185.432392756
444469.700186337
443756.265675605
443045.117813945
442336.245625443
441629.638204316
440925.284714357
440223.174388379
439523.296527666
378985.780433054
378385.169053604
377786.458343076
377189.639293561
376594.702953981
376001.640429645
355651.998519599
355093.675131028
354537.101972516
353982.270827019
353429.173528852
352877.801963284
352328.148066145
332236.859166572
331720.963422525
331206.667355203
330693.963535768
330182.844581308
329673.303154484
329165.331963183
309326.045891918
308850.890675494
308377.192990409
307904.946140500
307434.143470561
306964.778366026
306496.844252663
306030.334596266
305565.242902351
305101.562715852
304639.287620828
304178.411240162
303718.927235267
303260.829305802
283878.854240042
283451.968744944
283026.365188270
282602.037804179
282178.980861359
281757.188662762
281336.655545355
262189.550821205
261799.387799149
261410.384251157
261022.535016363
260635.834964487
260250.278995604
259865.862039924
240948.109124881
240593.251821310
240239.438215690
239886.663710234
239534.923734119
239184.213743293
238834.529220277
238485.865673970
238138.218639460
237791.583677830
237445.956375973
237101.332346399
236757.707227057
236415.076681142
236073.436396921
235732.782087546
235393.109490878
235054.414369308
234716.692509582
234379.939722624
234044.151843366
233709.324730571
233375.454266670
215116.187407004
214809.754091610
214504.192563741
214199.499108395
213895.670031645
213592.701660496
213290.590342730
212989.332446766
194964.847331383
194690.248954860
194416.423006963
194143.366233077
193871.075396846
193599.547280043
193328.778682449
193058.766421719
192789.507333265
192520.998270127
192253.236102852
191986.217719376
191719.940024897
191454.399941760
191189.594409337
190925.520383910
190662.174838553
173090.504330016
172852.415603290
172614.980966472
172378.197727835
172142.063210400
171906.574751835
171671.729704360
171437.525434641
171203.959323694
170971.028766791
170738.731173358
170507.063966882
170276.024584813
170045.610478473
169815.819112962
169586.647967060
169358.094533143
152217.140685374
152012.547754345
151808.504066084
151605.007411840
151402.055594689
151199.646429455
150997.777742634
150796.447372310
150595.653168086
150395.392991001
150195.664713456
149996.466219141
149797.795402957
149599.650170943
149402.028440202
149204.928138829
149008.347205840
148812.283591095
132103.764671319
131930.400150752
131757.490058812
131585.032611091
131413.026032514
131241.468557276
131070.358428779
130899.693899575
130729.473231305
130559.694694641
130390.356569226
130221.457143618
130052.994715231
129884.967590276
129717.374083708
129550.212519167
129383.481228923
129217.178553822
129051.302843226
112775.120898095
112630.722535870
112486.693478918
112343.032312279
112199.737628207
112056.808026133
111914.242112613
111772.038501289
111630.195812835
111488.712674923
111347.587722170
111206.819596099
111066.406945094
110926.348424356
110786.642695862
110647.288428320
110508.284297128
110369.628984334
110231.321178589
110093.359575112
94247.7796076938
94130.1169614919
94012.7477383479
93895.6708420362
93778.8851817849
93662.3896722423
93546.1832334430
93430.2647907745
93314.6332749444
93199.2876219469
93084.2267730309
92969.4496746671
92854.9552785161
92740.7425413961
92626.8104252519
92513.1578971227
92399.7839291116
92286.6874983538
92173.8675869866
92061.3231821185
91949.0532757988
91837.0568649879
76437.7774596057
76344.9004517568
76252.2488735387
76159.8219052071
76067.6187309877
75975.6385390518
75883.8805214926
75792.3438743014
75701.0277973444
75609.9314943392
75519.0541728316
75428.3950441727
75337.9533234962
75247.7282296956
75157.7189854018
75067.9248169604
74978.3449544103
74888.9786314611
74799.8250854713
74710.8835574267
74622.1532919191
74533.6335371244
74445.3235447818
74357.2225701726
74269.3298720991
74181.6447128641
74094.1663582498
74006.8940774981
73919.8271432893
73832.9648317225
73746.3064222956
73659.8511978850
73573.5984447258
73487.5474523928
73401.6975137802
73316.0479250827
73230.5979857761
73145.3469985982
73060.2942695301
72975.4391077768
72890.7808257493
72806.3187390450
72722.0521664304
72637.9804298218
72554.1028542677
72470.4187679307
72386.9275020690
72303.6283910194
72220.5207721792
72137.6039859884
72054.8773759127
71972.3402884260
71889.9920729930
71807.8320820524
71725.8596709998
71644.0741981709
71562.4750248244
71481.0615151261
71399.8330361317
71318.7889577706
71237.9286528298
71157.2514969376
71076.7568685474
70996.4441489219
70916.3127221172
70836.3619749672
70756.5912970674
70677.0000807603
70597.5877211190
70518.3536159325
70439.2971656904
70360.4177735676
70281.7148454092
70203.1877897161
70124.8360176293
70046.6589429162
69968.6559819553
69890.8265537218
69813.1700797732
69735.6859842351
69658.3736937870
69581.2326376477
69504.2622475618
69427.4619577855
69350.8312050727
69274.3694286614
69198.0760702598
69121.9505740329
69045.9923865889
68970.2009569658
68894.5757366183
68819.1161794040
68743.8217415710
68668.6918817441
68593.7260609125
68518.9237424164
68444.2843919345
68369.8074774710
68295.4924693433
68221.3388401692
68147.3460648545
68073.5136205806
67999.8409867921
67926.3276451847
67852.9730796932
67779.7767764788
67706.7382239180
67633.8569125897
67561.1323352644
67488.5639868914
67416.1513645878
67343.8939676269
67271.7912974260
67199.8428575357
67128.0481536281
67056.4066934855
66984.9179869892
66913.5815461085
66842.3968848892
66771.3635194430
66700.4809679362
66629.7487505789
66559.1663896143
66488.7334093078
66418.4493359364
66348.3136977781
66278.3260251011
66208.4858501537
66138.7927071535
66069.2461322775
65999.8456636511
65930.5908413388
65861.4812073332
65792.5163055454
65723.6956817948
65655.0188837992
65586.4854611648
65518.0949653763
65449.8469497874
65381.7409696107
65313.7765819084
65245.9533455824
65178.2708213650
65110.7285718092
65043.3261612794
64976.0631559420
64908.9391237561
64841.9536344643
64775.1062595834
64708.3965723953
64641.8241479381
64575.3885629968
7741.09072753132
7733.15114729795
7725.22783669621
7717.32074576817
7709.42982476023
7701.55502412207
7693.69629450561
7685.85358676402
7678.02685195061
7670.21604131791
7662.42110631657
7654.64199859442
7646.87866999544
7639.13107255877
7631.39915851772
7623.68288029879
7615.98219052071
7608.29704199344
7600.62738771724
7592.97318088167
7585.33437486469
7577.71092323166
7570.10277973444
7562.50989831043
7554.93223308167
7547.36973835386
7539.82236861550
7532.29007853697
7524.77282296956
7517.27055694467
7509.78323567281
7502.31081454279
7494.85324912078
7487.41049514946
7479.98250854713
7472.56924540684
7465.17066199555
7457.78671475322
7450.41736029200
7443.06255539536
7435.72225701726
7428.39642228128
7421.08500847983
7413.78797307326
7406.50527368910
7399.23686812120
7391.98271432892
7384.74277043634
7377.51699473141
7370.30534566520
7363.10778185108
7355.92426206390
7348.75474523928
7341.59919047274
7334.45755701897
7327.32980429106
7320.21589185971
7313.11577945247
7306.02942695301
7298.95679440029
7291.89784198791
7284.85253006329
7277.82081912693
7270.80266983173
7263.79804298218
7256.80689953369
7249.82920059183
7242.86490741163
7235.91398139683
7228.97638409924
7222.05207721791
7215.14102259857
7208.24318223279
7201.35851825740
7194.48699295372
7187.62856874690
7180.78320820524
7173.95087403949
7167.13152910219
7160.32513638699
7153.53165902799
7146.75106029905
7139.98330361316
7133.22835252176
7126.48617071409
7119.75672201653
7113.03997039198
7106.33587993921
7099.64441489219
7092.96553961948
7086.29921862359
7079.64541654038
7073.00409813837
7066.37522831818
7059.75877211189
7053.15469468242
7046.56296132290
7039.98353745612
7033.41638863386
7026.86148053635
7020.31877897160
7013.78824987489
7007.26985930809
7000.76357345915
6994.26935864147
6987.78718129333
6981.31700797732
6974.85880537974
6968.41254031008
6961.97817970037
6955.55569060471
6949.14504019862
6942.74619577855
6936.35912476127
6929.98379468337
6923.62017320065
6917.26822808762
6910.92792723694
6904.59923865888
6898.28213048079
6891.97657094653
6885.68252841598
6879.39997136451
6873.12886838241
6866.86918817441
6860.62089955915
6854.38397146864
6848.15837294778
6841.94407315381
6835.74104135585
6829.54924693433
6823.36865938055
6817.19924829611
6811.04098339250
6804.89383449053
6798.75777151984
6792.63276451847
6786.51878363232
6780.41579911466
6774.32378132570
6768.24270073205
6762.17252790628
6756.11323352644
6750.06478837556
6744.02716334124
6738.00032941511
6731.98425769241
6725.97891937154
6719.98428575357
6714.00032824177
6708.02701834119
6702.06432765822
6696.11222790009
6690.17069087445
6684.23968848892
6678.31919275067
6672.40917576593
6666.50960973961
6660.62046697483
5545.61809989372
5540.72778410898
5535.84608562078
5530.97298167217
5526.10844958627
5521.25246676589
5516.40501069323
5511.56605892946
5506.73558911445
5501.91357896636
5497.10000628135
5492.29484893321
5487.49808487300
5482.70969212878
5477.92964880522
5473.15793308326
5468.39452321983
5463.63939754747
5458.89253447401
5454.15391248228
5449.42351012974
5444.70130604817
5439.98727894336
5435.28140759480
5430.58367085530
5425.89404765077
5421.21251697980
5416.53905791344
5411.87364959482
5407.21627123889
5402.56690213206
5397.92552163195
5393.29210916703
5388.66664423635
5384.04910640924
5379.43947532499
5374.83773069255
5370.24385229025
5365.65781996549
5361.07961363446
4285.20737062546
4281.55727916837
4277.91340063291
4274.27571916979
4270.64421898358
4267.01888433249
4263.39969952813
4259.78664893531
4256.17971697178
4252.57888810801
4248.98414686701
4245.39547782405
4241.81286560647
4238.23629489348
4234.66575041590
4231.10121695595
4227.54267934707
4223.99012247367
4220.44353127092
4216.90289072456
4213.36818587064
4209.83940179537
4206.31652363487
4202.79953657497
4199.28842585102
4195.78317674764
4192.28377459856
4188.79020478639
4185.30245274244
4181.82050394648
4178.34434392657
4174.87395825886
4171.40933256736
4167.95045252377
4164.49730384728
4161.04987230436
4157.60814370858
4154.17210392039
4150.74173884696
4147.31703444197
4143.89797670542
4140.48455168342
4137.07674546804
4133.67454419710
4130.27793405396
4126.88690126738
4123.50143211130
4120.12151290465
4116.74713001120
4113.37826983934
4110.01491884192
4106.65706351607
4103.30469040299
4099.95778608782
4096.61633719940
4093.28033041015
4089.94975243586
4086.62459003550
4083.30483001110
4079.99045920752
4076.68146451230
4073.37783285549
4070.07955120945
4066.78660658873
4063.49898604985
4060.21667669117
4056.93966565268
4053.66794011586
4050.40148730352
4047.14029447960
4043.88434894905
4040.63363805761
4037.38814919170
4034.14786977823
4030.91278728442
4027.68288921768
4024.45816312544
4021.23859659493
4018.02417725313
4014.81489276651
4011.61073084092
4008.41167922143
4005.21772569217
4002.02885807617
3998.84506423522
3995.66633206969
3992.49264951840
3989.32400455847
3986.16038520513
3983.00177951162
3979.84817556902
3976.69956150607
3973.55592548907
3970.41725572170
3967.28354044488
3964.15476793665
3961.03092651195
3957.91200452257
3954.79799035694
3951.68887243999
3948.58463923305
3945.48527923365
3942.39078097543
3939.30113302795
3936.21632399661
3933.13634252243
3930.06117728199
3926.99081698724
3923.92525038538
3920.86446625871
3917.80845342453
3914.75720073494
3911.71069707679
3908.66893137144
2929.22391943104
2926.94967725757
2924.67896377638
2922.41177078120
2920.14809009121
2917.88791355089
2915.63123302997
2913.37804042330
2911.12832765077
2908.88208665722
2906.63930941230
2904.39998791044
2902.16411417071
2899.93168023673
2897.70267817660
2895.47710008276
2893.25493807195
2891.03618428509
2888.82083088717
2886.60887006719
2884.40029403807
2882.19509503651
2879.99326532296
2877.79479718149
2875.59968291972
2873.40791486871
2871.21948538290
2869.03438683999
2866.85261164088
2864.67415220954
2862.49900099298
2860.32715046112
2858.15859310671
2855.99332144527
2853.83132801495
2851.67260537651
2849.51714611319
2847.36494283063
2845.21598815679
2843.07027474189
2840.92779525829
2838.78854240042
2836.65250888469
2834.51968744944
2832.39007085481
2830.26365188270
2828.14042333665
2826.02037804179
2823.90350884476
2821.78980861359
2819.67927023766
2817.57188662762
2815.46765071527
2813.36655545355
2811.26859381637
2809.17375879862
2807.08204341605
2804.99344070517
2802.90794372324
2800.82554554811
2798.74623927821
2796.67001803246
2794.59687495015
2792.52680319093
2790.45979593468
2788.39584638147
2786.33494775148
2784.27709328490
2782.22227624188
2780.17048990247
2778.12172756651
2776.07598255357
2774.03324820291
2771.99351787335
2769.95678494324
2767.92304281039
2765.89228489197
2763.86450462445
2761.83969546355
2759.81785088415
2757.79896438021
2755.78302946473
2753.77003966965
2751.75998854580
2749.75286966284
2747.74867660915
2745.74740299181
2743.74904243650
2741.75358858746
2739.76103510738
2737.77137567738
2735.78460399692
2733.80071378372
2731.81969877373
2729.84155272104
2727.86626939779
2725.89384259418
2723.92426611832
2721.95753379621
2719.99363947168
1812.02171800421
1810.71622685291
1809.41261545848
1808.11087976391
1806.81101572382
1805.51301930448
1804.21688648373
1802.92261325096
1801.63019560705
1800.33962956435
1799.05091114662
1797.76403638901
1796.47900133798
1795.19580205131
1793.91443459803
1792.63489505837
1791.35717952376
1790.08128409675
1788.80720489099
1787.53493803118
1786.26447965305
1784.99582590329
1783.72897293956
1782.46391693038
1781.20065405516
1779.93918050413
1778.67949247830
1777.42158618942
1776.16545785995
1774.91110372305
1773.65852002247
1772.40770301258
1771.15864895830
1769.91135413509
1768.66581482888
1767.42202733603
1766.17998796334
1764.93969302797
1763.70113885743
1762.46432178951
1761.22923817227
1759.99588436403
1758.76425673326
1757.53435165863
1756.30616552888
1755.07969474290
1753.85493570958
1752.63188484786
1751.41053858664
1750.19089336479
1748.97294563106
1747.75669184411
1746.54212847244
1745.32925199433
1744.11805889787
1742.90854568088
1741.70070885089
1740.49454492509
1739.29005043034
1738.08722190307
1736.88605588931
1735.68654894464
1734.48869763412
1733.29249853230
1732.09794822318
1730.90504330016
1729.71378036603
1728.52415603290
1727.33616692222
1726.14980966472
1724.96508090037
1723.78197727835
1722.60049545705
1721.42063210400
1720.24238389585
1719.06574751835
1717.89071966633
1716.71729704360
1715.54547636303
1714.37525434641
856.603313862248
856.019796618472
855.437073816145
854.855143833957
854.274005055008
853.693655866792
853.114094661179
852.535319834408
851.957329787063
851.380122924063
850.803697654650
850.228052392366
849.653185555049
849.079095564809
848.505780848020
847.933239835302
847.361470961509
846.790472665712
846.220243391190
845.650781585409
845.082085700012
844.514154190804
843.946985517742
843.380578144911
842.814930540521
842.250041176888
841.685908530420
841.122531081605
840.559907314995
839.998035719196
839.436914786852
838.876543014631
838.316918903214
837.758040957278
837.199907685488
836.642517600477
836.085869218841
835.529961061115
834.974791651772
834.420359519201
833.866663195698
833.313701217452
832.761472124531
832.209974460872
831.659206774267
831.109167616347
830.559855542576
830.011269112231
829.463406888394
828.916267437940
828.369849331521
827.824151143556
827.279171452217
826.734908839419
826.191361890807
825.648529195741
825.106409347286
824.565000942203
824.024302580929
823.484312867574
822.945030409900
822.406453819318
821.868581710868
821.331412703214
820.794945418627
820.259178482975
819.724110525712
819.189740179868
818.656066082031
818.123086872342
817.590801194481
817.059207695655
816.528305026587
815.998091841505
815.468566798129
814.939728557664
814.411575784781
813.884107147615
813.357321317746
812.831216970192
812.305792783398
811.781047439223
811.256979622929
810.733588023172
810.210871331991
809.688828244792
809.167457460346
808.646757680770
808.126727611522
807.607365961386
807.088671442465
806.570642770165
806.053278663193
805.536577843537
805.020539036462
804.505160970498
803.990442377426
803.476381992274
802.962978553302
802.450230801991
801.938137483036
801.426697344335
800.915909136977
800.405771615234
799.896283536548
799.387443661525
798.879250753921
798.371703580634
797.864800911693
797.358541520252
796.852924182573
796.347947678021
795.843610789055
795.339912301213
794.836851003110
794.334425686420
793.832635145873
793.331478179241
792.830953587329
792.331060173970
791.831796746010
791.333162113298
790.835155088683
790.337774487998
789.841019130055
789.344887836631
788.849379432465
788.354492745243
787.860226605591
787.366579847066
786.873551306147
786.381139822226
785.889344237597
785.398163397448
784.907596149855
784.417641345766
783.928297839000
783.439564486233
782.951440146989
782.463923683635
781.977013961367
781.490709848207
781.005010214989
780.519913935352
780.035419885734
779.551526945358
779.068233996229
778.585539923121
778.103443613571
777.621943957870
777.141039849052
776.660730182891
776.181013857886
775.701889775257
775.223356838937
774.745413955559
774.268060034453
773.791293987634
773.315114729795
772.839521178301
772.364512253176
771.890086877099
771.416243975394
770.942982476023
770.470301309575
769.998199409263
769.526675710911
769.055729152948
768.585358676402
768.115563224888
767.646341744604
767.177693184321
766.709616495373
766.242110631657
765.775174549614
765.308807208232
764.843007569031
764.377774596057
763.913107255877
763.449004517568
762.985465352712
762.522488735387
0
0
0
0
0
0
0
0
0
0
0
0
0
0
0
0
0
0
0
0
0
0
0
0
0
0
0
0
0
0
0
0
0
0
0
0
0
0
0
0
0
0
0
0
0
0
0
0
0
0
0
0
0
0
0
0
0
0
0
0
0
0
0
0
0
0
0
0
0
0
0
0
0
0
0
0
0
0
0
0
0
0
0
0
0
0
0
0
0
0
0
0
0
0
0
0
0
0
0
0
0
0
0
0
0
0
0
0
0
0
0
0
0
0
0
0
0
0
0
0
0
0
0
0
0
0
0
0
0
0
0
0
0
0
0
0
0
0
0
0
0
0
0
0
0
0
0
0
0
0
0
0
0
0
0
0
0
0
0
0
0
0
0
0
0
0
0
0
0
0
0
0
0
0
0
0
0
0
0
0
0
0
0
0
0
0
0
0
0
0
0
0
0
0
0
0
0
0
0
0
0
0
0
0
0
0
0
0
0
0
0
0
0
0
0
0
0
0
0
0
0
0
0
0
0
0
0
0
0
0
0
0
0
0
0
0
0
0
0
0
0
0
0
0
0
0
0
0
0
0
0
0
0
0
0
0
0
0
0
0
0
0
0
0
0
0
0
0
0
0
0
0
0
0
0
0
0
0
0
0
0
0
0
0
0
0
0
0
0
0
0
0
0
0
0
0
0
0
0
0
0
0
0
0
0
0
0
0
0
0
0
0
0
0
0
0
0
0
0
0
0
0
0
0
0
0
0
0
0
0
0
0
0
0
0
0
0
0
0
0
0
0
0
0
0
0
0
0
0
0
0
0
0
0
0
0
0
0
0
0
0
0
0
0
0
0
0
0
0
0
0
0
0
0
0
0
0
0
0
0
0
0
0
0
0
0
0
0
0
0
0
0
0
0
0
0
0
0
0
0
0
0
0
0
0
0
0
0
0
0
0
0
0
0
0
0
0
0
0
0
0
0
0
0
0
0
0
0
0
0
0
0
0
0
0
0
0
0
0
0
0
0
0
0
0
0
0
0
0
0
0
0
0
0
0
0
0
0
0
0
0
0
0
0
0
0
0
0
0
0
0
0
0
0
0
0
0
0
0
0
0
0
0
0
0
0
0
0
0
0
0
0
0
0
0
0
0
0
0
0
0
0
0
0
0
0
0
0
0
0
0
0
0